Leg	Site	H	Cor	T	Sc	Top(cm)	Bot(cm)	Depth (mbsf)	WW (%)	WD (%)	BD (g/cc)	DD (g/cc)	GD (g/cc)	PO (%)	VR    	Method	Comments

155	 940	A	  1	H	 1	  67.0	  69.0	       0.670	  56.5	 129.7	    1.468	    0.639	    3.352	  80.9	 4.248	     B	        
155	 940	A	  1	H	 2	  89.0	  91.0	       2.390	  50.2	 100.8	    1.517	    0.756	    2.948	  74.4	 2.901	     B	        
155	 940	A	  2	H	 1	  59.0	  61.0	       3.390	  44.9	  81.5	    1.580	    0.870	    2.836	  69.3	 2.258	     B	        
155	 940	A	  2	H	 2	  79.0	  81.0	       5.090	  43.3	  76.4	    1.623	    0.920	    2.935	  68.6	 2.189	     B	        
155	 940	A	  2	H	 3	  94.0	  96.0	       6.740	  41.7	  71.4	    1.650	    0.963	    2.927	  67.1	 2.040	     B	        
155	 940	A	  2	H	 4	  77.0	  79.0	       8.070	  41.6	  71.3	    1.631	    0.952	    2.826	  66.3	 1.968	     B	        
155	 940	A	  2	H	 5	 110.0	 112.0	       9.900	  42.0	  72.4	    1.633	    0.947	    2.870	  67.0	 2.030	     B	        
155	 940	A	  2	H	 6	  79.0	  81.0	      11.090	  39.9	  66.4	    1.679	    1.009	    2.921	  65.4	 1.894	     B	        
155	 940	A	  2	H	 7	   9.0	  11.0	      11.890	  40.0	  66.6	    1.669	    1.001	    2.873	  65.1	 1.869	     B	        
155	 940	A	  3	H	 1	  71.0	  73.0	      13.010	  38.0	  61.2	    1.708	    1.059	    2.889	  63.3	 1.727	     B	        
155	 940	A	  3	H	 2	 117.0	 119.0	      14.970	  39.0	  63.9	    1.704	    1.039	    2.961	  64.9	 1.849	     B	        
155	 940	A	  3	H	 3	 142.0	 144.0	      16.720	  37.1	  58.9	    1.719	    1.082	    2.864	  62.2	 1.648	     B	        
155	 940	A	  3	H	 4	  40.0	  42.0	      17.200	  36.9	  58.4	    1.734	    1.095	    2.910	  62.4	 1.659	     B	        
155	 940	A	  3	H	 5	  15.0	  17.0	      18.450	  33.3	  49.8	    1.787	    1.193	    2.844	  58.1	 1.384	     B	        
155	 940	A	  3	H	 6	  67.0	  69.0	      20.470	  35.4	  54.8	    1.756	    1.135	    2.886	  60.7	 1.543	     B	        
155	 940	A	  4	H	 1	 116.0	 118.0	      22.960	  34.8	  53.3	    1.757	    1.146	    2.838	  59.6	 1.476	     B	        
155	 940	A	  4	H	 2	  87.0	  89.0	      24.170	  34.7	  53.2	    1.778	    1.160	    2.925	  60.3	 1.521	     B	        
155	 940	A	  4	H	 3	  38.0	  40.0	      25.180	  34.4	  52.4	    1.773	    1.163	    2.874	  59.5	 1.471	     B	        
155	 940	A	  4	H	 4	  67.0	  69.0	      26.970	  34.1	  51.7	    1.788	    1.179	    2.909	  59.5	 1.469	     B	        
155	 940	A	  4	H	 5	  76.0	  78.0	      28.560	  32.6	  48.4	    1.797	    1.211	    2.831	  57.2	 1.338	     B	        
155	 940	A	  4	H	 6	  84.0	  86.0	      30.140	  33.6	  50.5	    1.800	    1.196	    2.916	  59.0	 1.439	     B	        
155	 940	A	  4	H	 7	  43.0	  45.0	      31.230	  33.5	  50.3	    1.784	    1.186	    2.846	  58.3	 1.399	     B	        
155	 940	A	  5	H	 1	  96.0	  98.0	      32.260	  34.3	  52.3	    1.768	    1.161	    2.849	  59.3	 1.454	     B	        
155	 940	A	  5	H	 2	  87.0	  89.0	      33.470	  34.6	  52.9	    1.777	    1.162	    2.907	  60.0	 1.502	     B	        
155	 940	A	  5	H	 3	  19.0	  21.0	      34.290	  34.0	  51.5	    1.766	    1.166	    2.818	  58.6	 1.417	     B	        
155	 940	A	  5	H	 4	   9.0	  11.0	      35.230	  33.3	  49.8	    1.797	    1.199	    2.881	  58.4	 1.402	     B	        
155	 940	A	  5	H	 5	  58.0	  60.0	      36.520	  33.1	  49.6	    1.793	    1.198	    2.855	  58.0	 1.383	     B	        
155	 940	A	  5	H	 6	  47.0	  49.0	      37.200	  33.4	  50.2	    1.802	    1.200	    2.911	  58.8	 1.426	     B	        
155	 940	A	  5	H	 7	  80.0	  82.0	      39.000	  33.5	  50.4	    1.792	    1.192	    2.881	  58.6	 1.417	     B	        
155	 940	A	  6	H	 1	  67.0	  69.0	      41.470	  31.9	  46.8	    1.815	    1.237	    2.844	  56.5	 1.300	     B	        
155	 940	A	  6	H	 2	  72.0	  74.0	      43.020	  32.0	  47.0	    1.814	    1.234	    2.845	  56.6	 1.305	     B	        
155	 940	A	  6	H	 3	  69.0	  71.0	      44.490	  31.9	  46.8	    1.814	    1.236	    2.838	  56.5	 1.297	     B	        
155	 940	A	  6	H	 4	  87.0	  89.0	      46.170	  32.9	  49.1	    1.825	    1.224	    2.961	  58.7	 1.419	     B	        
155	 940	A	  6	H	 5	  82.0	  84.0	      47.620	  31.5	  45.9	    1.836	    1.259	    2.889	  56.4	 1.296	     B	        
155	 940	A	  6	H	 6	  82.0	  84.0	      49.120	  32.8	  48.8	    1.810	    1.216	    2.897	  58.0	 1.382	     B	        
155	 940	A	  6	H	 7	  53.0	  55.0	      50.330	  34.1	  51.7	    1.795	    1.183	    2.937	  59.7	 1.482	     B	        
155	 940	A	  7	H	 2	  18.0	  20.0	      51.250	  32.4	  48.0	    1.810	    1.223	    2.867	  57.3	 1.344	     B	        
155	 940	A	  7	H	 3	  17.0	  19.0	      52.580	  33.3	  49.8	    1.807	    1.206	    2.920	  58.7	 1.421	     B	        
155	 940	A	  7	H	 4	  39.0	  41.0	      54.300	  31.6	  46.1	    1.833	    1.254	    2.884	  56.5	 1.300	     B	        
155	 940	A	  7	H	 5	  63.0	  65.0	      55.970	  30.9	  44.8	    1.856	    1.282	    2.917	  56.1	 1.276	     B	        
155	 940	A	  7	H	 6	  76.0	  78.0	      57.600	  29.7	  42.2	    1.891	    1.330	    2.942	  54.8	 1.212	     B	        
155	 940	A	  8	H	 1	  96.0	  98.0	      60.760	  30.2	  43.3	    1.884	    1.315	    2.958	  55.6	 1.250	     B	        
155	 940	A	  8	H	 2	  94.0	  96.0	      62.240	  30.3	  43.6	    1.876	    1.307	    2.943	  55.6	 1.252	     B	        
155	 940	A	  8	H	 3	  91.0	  93.0	      63.710	  30.8	  44.5	    1.848	    1.279	    2.881	  55.6	 1.253	     B	        
155	 940	A	  8	H	 4	  49.0	  51.0	      64.790	  30.8	  44.6	    1.868	    1.292	    2.952	  56.2	 1.285	     B	        
155	 940	A	  9	X	 1	 119.0	 121.0	      70.490	  32.2	  47.4	    1.838	    1.247	    2.952	  57.8	 1.368	     B	        
155	 940	A	  9	X	 2	  93.0	  95.0	      71.730	  31.9	  46.8	    1.831	    1.247	    2.900	  57.0	 1.325	     B	        
155	 940	A	  9	X	 3	  93.0	  95.0	      73.230	  32.0	  47.0	    1.831	    1.246	    2.908	  57.2	 1.334	     B	        
155	 940	A	  9	X	 4	  93.0	  95.0	      74.730	  30.9	  44.8	    1.857	    1.283	    2.921	  56.1	 1.277	     B	        
155	 940	A	  9	X	 5	  93.0	  95.0	      76.230	  31.9	  46.9	    1.839	    1.251	    2.935	  57.4	 1.345	     B	        
155	 940	A	 10	X	 1	  96.0	  98.0	      77.960	  32.2	  47.4	    1.845	    1.252	    2.977	  58.0	 1.379	     B	        
155	 940	A	 10	X	 2	  96.0	  98.0	      79.460	  30.9	  44.6	    1.854	    1.282	    2.906	  55.9	 1.267	     B	        
155	 940	A	 10	X	 3	  96.0	  98.0	      80.960	  31.0	  44.9	    1.870	    1.290	    2.971	  56.6	 1.302	     B	        
155	 940	A	 10	X	 4	  96.0	  98.0	      82.460	  30.7	  44.3	    1.881	    1.304	    2.989	  56.4	 1.293	     B	        
155	 940	A	 10	X	 5	  96.0	  98.0	      83.960	  30.3	  43.5	    1.853	    1.291	    2.860	  54.9	 1.216	     B	        
155	 940	A	 11	X	 1	  85.0	  87.0	      85.550	  31.7	  46.4	    1.858	    1.270	    2.987	  57.5	 1.352	     B	        
155	 940	A	 11	X	 2	  85.0	  87.0	      87.050	  32.4	  47.9	    1.820	    1.231	    2.898	  57.5	 1.354	     B	        
155	 940	A	 11	X	 3	  83.0	  85.0	      88.500	  30.2	  43.3	    1.876	    1.309	    2.931	  55.3	 1.239	     B	        
155	 940	A	 11	X	 4	  81.0	  83.0	      89.980	  30.6	  44.1	    1.863	    1.294	    2.917	  55.7	 1.255	     B	        
155	 940	A	 11	X	 5	  85.0	  87.0	      91.520	  29.8	  42.4	    1.902	    1.336	    2.986	  55.3	 1.235	     B	        
155	 940	A	 11	X	 6	  87.0	  89.0	      93.040	  29.2	  41.2	    1.912	    1.354	    2.978	  54.5	 1.199	     B	        
155	 940	A	 12	X	 1	  64.0	  66.0	      94.940	  31.5	  46.0	    1.859	    1.274	    2.975	  57.2	 1.335	     B	        
155	 940	A	 12	X	 2	  64.0	  65.0	      96.440	  28.8	  40.5	    1.894	    1.348	    2.888	  53.3	 1.143	     B	        
155	 940	A	 12	X	 3	  64.0	  65.0	      97.940	  29.2	  41.3	    1.873	    1.326	    2.850	  53.5	 1.150	     B	        
155	 940	A	 12	X	 4	  64.0	  66.0	      99.440	  30.7	  44.3	    1.852	    1.284	    2.887	  55.5	 1.249	     B	        
155	 940	A	 12	X	 5	  44.0	  46.0	     100.740	  29.5	  41.9	    1.893	    1.334	    2.937	  54.6	 1.202	     B	        
155	 940	A	 12	X	 6	   7.0	   9.0	     101.810	  29.8	  42.4	    1.894	    1.330	    2.961	  55.1	 1.226	     B	        
155	 940	A	 13	X	 1	  84.0	  86.0	     104.740	  29.0	  40.8	    1.923	    1.366	    2.994	  54.4	 1.192	     B	        
155	 940	A	 13	X	 2	 100.0	 102.0	     106.360	  31.4	  45.7	    1.855	    1.273	    2.948	  56.8	 1.315	     B	        
155	 940	A	 13	X	 3	  99.0	 101.0	     107.770	  31.1	  45.2	    1.865	    1.285	    2.965	  56.7	 1.307	     B	        
155	 940	A	 13	X	 4	  59.0	  61.0	     108.870	  27.5	  38.0	    1.935	    1.402	    2.924	  52.1	 1.086	     B	        
155	 940	A	 13	X	 5	  59.0	  61.0	     110.370	  30.5	  43.9	    1.884	    1.310	    2.983	  56.1	 1.278	     B	        
155	 940	A	 14	X	 1	 146.0	 148.0	     115.060	  29.8	  42.5	    1.880	    1.319	    2.918	  54.8	 1.212	     B	        
155	 940	A	 14	X	 2	  80.0	  82.0	     115.900	  28.7	  40.3	    1.920	    1.369	    2.963	  53.8	 1.165	     B	        
155	 940	A	 14	X	 3	  82.0	  84.0	     117.420	  29.3	  41.5	    1.915	    1.353	    2.995	  54.8	 1.213	     B	        
155	 940	A	 15	X	 1	 103.0	 105.0	     124.330	  28.3	  39.5	    1.908	    1.368	    2.893	  52.7	 1.115	     B	        
155	 940	A	 15	X	 2	 104.0	 106.0	     125.840	  25.7	  34.6	    1.977	    1.468	    2.917	  49.7	 0.987	     B	        
155	 940	A	 15	X	 3	  34.0	  36.0	     126.640	  27.7	  38.3	    1.918	    1.387	    2.883	  51.9	 1.079	     B	        
155	 940	A	 15	X	 4	 124.0	 126.0	     129.040	  27.3	  37.5	    1.933	    1.405	    2.900	  51.5	 1.063	     B	        
155	 940	A	 15	X	 5	  49.0	  51.0	     129.790	  26.5	  36.1	    1.959	    1.439	    2.923	  50.8	 1.031	     B	        
155	 940	A	 16	X	 1	  92.0	  94.0	     133.920	  27.7	  38.2	    1.934	    1.399	    2.928	  52.2	 1.093	     B	        
155	 940	A	 16	X	 2	 104.0	 104.0	     135.540	  28.7	  40.3	    1.890	    1.347	    2.870	  53.1	 1.131	     B	        
155	 940	A	 16	X	 3	 117.0	 119.0	     137.170	  28.9	  40.6	    1.895	    1.347	    2.894	  53.4	 1.148	     B	        
155	 940	A	 16	X	 4	  89.0	  91.0	     138.390	  26.7	  36.4	    1.928	    1.413	    2.841	  50.3	 1.011	     B	        
155	 940	A	 16	X	 5	 109.0	 111.0	     140.090	  27.1	  37.2	    1.938	    1.413	    2.901	  51.3	 1.054	     B	        
155	 940	A	 16	X	 6	 105.0	 107.0	     141.550	  25.5	  34.1	    1.981	    1.477	    2.909	  49.2	 0.970	     B	        
155	 940	A	 16	X	 7	  45.0	  47.0	     142.450	  27.1	  37.2	    1.978	    1.441	    3.026	  52.4	 1.099	     B	        
155	 940	A	 17	X	 1	  72.0	  74.0	     143.320	  27.6	  38.2	    1.952	    1.413	    2.984	  52.7	 1.112	     B	        
155	 940	A	 17	X	 2	  96.0	  98.0	     145.060	  27.7	  38.4	    1.928	    1.393	    2.918	  52.3	 1.094	     B	        
155	 940	A	 17	X	 3	  97.0	  99.0	     146.570	  27.4	  37.7	    1.920	    1.394	    2.865	  51.3	 1.055	     B	        
155	 940	A	 17	X	 4	 100.0	 102.0	     148.100	  27.5	  37.9	    1.924	    1.395	    2.884	  51.6	 1.067	     B	        
155	 940	A	 17	X	 5	  55.0	  57.0	     149.150	  27.4	  37.7	    1.945	    1.412	    2.944	  52.0	 1.085	     B	        
155	 940	A	 18	X	 1	  25.0	  27.0	     152.450	  28.0	  39.0	    1.912	    1.376	    2.890	  52.4	 1.100	     B	        
155	 940	A	 18	X	 2	  75.0	  77.0	     154.450	  27.1	  37.2	    1.924	    1.402	    2.857	  50.9	 1.037	     B	        
155	 940	A	 18	X	 3	 102.0	 104.0	     156.220	  27.5	  37.8	    1.926	    1.397	    2.889	  51.6	 1.068	     B	        
155	 940	A	 18	X	 4	  48.0	  50.0	     157.180	  26.8	  36.7	    1.951	    1.427	    2.920	  51.1	 1.046	     B	        
155	 940	A	 18	X	 5	  65.0	  67.0	     158.850	  26.6	  36.3	    1.946	    1.428	    2.892	  50.6	 1.026	     B	        
155	 940	A	 18	X	 6	  42.0	  44.0	     160.120	  25.4	  34.0	    1.997	    1.490	    2.950	  49.5	 0.979	     B	        
155	 940	A	 19	X	 1	  67.0	  69.0	     162.570	  25.5	  34.3	    2.000	    1.489	    2.971	  49.9	 0.995	     B	        
155	 940	A	 19	X	 2	  66.0	  68.0	     164.060	  26.8	  36.6	    1.951	    1.428	    2.915	  51.0	 1.041	     B	        
155	 940	A	 19	X	 3	  83.0	  85.0	     165.730	  28.0	  38.9	    1.928	    1.388	    2.937	  52.7	 1.116	     B	        
155	 940	A	 19	X	 4	  54.0	  56.0	     166.940	  28.0	  38.9	    1.945	    1.400	    2.991	  53.2	 1.136	     B	        
155	 940	A	 21	X	 1	  82.0	  84.0	     181.920	  27.8	  38.6	    1.929	    1.392	    2.929	  52.5	 1.104	     B	        
155	 940	A	 21	X	 2	  82.0	  84.0	     183.420	  24.8	  33.0	    2.006	    1.508	    2.937	  48.7	 0.948	     B	        
155	 940	A	 21	X	 3	  82.0	  84.0	     184.920	  24.4	  32.3	    1.997	    1.509	    2.881	  47.6	 0.909	     B	        
155	 940	A	 21	X	 4	  82.0	  84.0	     186.420	  25.8	  34.7	    1.970	    1.462	    2.900	  49.6	 0.983	     B	        
155	 940	A	 22	X	 1	  84.0	  86.0	     191.640	  25.5	  34.3	    1.973	    1.469	    2.890	  49.2	 0.967	     B	        
155	 940	A	 22	X	 2	  84.0	  86.0	     193.140	  26.3	  35.6	    1.949	    1.438	    2.874	  50.0	 0.999	     B	        
155	 940	A	 22	X	 3	  67.0	  69.0	     194.470	  24.5	  32.5	    2.004	    1.512	    2.908	  48.0	 0.923	     B	        
155	 940	A	 22	X	 4	 106.0	 108.0	     196.360	  26.0	  35.1	    1.954	    1.446	    2.868	  49.6	 0.984	     B	        
155	 940	A	 22	X	 5	 104.0	 106.0	     197.840	  25.7	  34.5	    1.967	    1.462	    2.883	  49.3	 0.972	     B	        
155	 940	A	 22	X	 6	  34.0	  36.0	     198.640	  25.7	  34.7	    1.985	    1.474	    2.942	  49.9	 0.996	     B	        
155	 940	A	 23	X	 2	  63.0	  65.0	     202.160	  24.6	  32.6	    1.987	    1.499	    2.865	  47.7	 0.912	     B	        
155	 940	A	 23	X	 3	  49.0	  51.0	     203.520	  25.8	  34.8	    1.953	    1.449	    2.852	  49.2	 0.969	     B	        
155	 940	A	 23	X	 4	  49.0	  51.0	     205.020	  25.1	  33.5	    1.979	    1.482	    2.878	  48.5	 0.942	     B	        
155	 940	A	 23	X	 5	  46.0	  48.0	     206.490	  25.1	  33.5	    1.977	    1.482	    2.872	  48.4	 0.938	     B	        
155	 940	A	 23	X	 6	  37.0	  39.0	     207.900	  25.8	  34.8	    1.972	    1.463	    2.911	  49.8	 0.990	     B	        
155	 940	A	 23	X	 7	  34.0	  36.0	     209.370	  23.0	  29.8	    2.050	    1.579	    2.924	  46.0	 0.851	     B	        
155	 940	A	 24	X	 1	  72.0	  74.0	     210.720	  27.9	  38.7	    1.914	    1.380	    2.882	  52.1	 1.089	     B	        
155	 940	A	 24	X	 2	  84.0	  86.0	     212.340	  26.5	  36.1	    1.971	    1.448	    2.959	  51.1	 1.043	     B	        
155	 940	A	 24	X	 3	  71.0	  73.0	     213.710	  25.7	  34.6	    1.955	    1.453	    2.851	  49.0	 0.962	     B	        
155	 940	A	 24	X	 4	  43.0	  45.0	     214.930	  24.6	  32.6	    1.991	    1.502	    2.877	  47.8	 0.915	     B	        
155	 940	A	 24	X	 5	  49.0	  51.0	     216.490	  26.6	  36.2	    1.953	    1.435	    2.908	  50.7	 1.027	     B	        
155	 940	A	 24	X	 5	  70.0	  72.0	     216.700	  21.9	  28.1	    2.064	    1.612	    2.889	  44.2	 0.792	     B	        
155	 940	A	 25	X	 1	  66.0	  68.0	     220.360	  26.7	  36.5	    1.948	    1.427	    2.903	  50.8	 1.034	     B	        
155	 940	A	 25	X	 2	   9.0	  11.0	     221.290	  25.9	  35.0	    1.977	    1.464	    2.933	  50.1	 1.003	     B	        
155	 940	A	 25	X	 3	 131.0	 133.0	     223.840	  23.0	  29.8	    2.048	    1.578	    2.919	  45.9	 0.850	     B	        
155	 940	A	 26	X	 2	  88.0	  90.0	     231.680	  27.2	  37.4	    1.930	    1.405	    2.884	  51.3	 1.053	     B	        
155	 940	A	 26	X	 3	  79.0	  81.0	     233.090	  24.8	  33.0	    1.995	    1.500	    2.902	  48.3	 0.935	     B	        
155	 940	A	 26	X	 4	  47.0	  49.0	     234.270	  27.7	  38.3	    1.948	    1.408	    2.976	  52.7	 1.114	     B	        
155	 940	A	 26	X	 5	  47.0	  49.0	     235.770	  22.4	  28.8	    2.039	    1.583	    2.855	  44.6	 0.804	     B	        
155	 940	A	 26	X	 5	  59.0	  61.0	     235.890	  25.6	  34.4	    1.970	    1.465	    2.889	  49.3	 0.972	     B	        
155	 940	A	 27	X	 1	  99.0	 101.0	     239.990	  23.6	  30.9	    2.014	    1.539	    2.873	  46.4	 0.867	     B	        
155	 940	A	 27	X	 2	  84.0	  86.0	     241.340	  23.8	  31.2	    2.014	    1.535	    2.883	  46.8	 0.878	     B	        
155	 940	A	 27	X	 3	  58.0	  60.0	     242.580	  23.3	  30.4	    2.012	    1.543	    2.849	  45.9	 0.847	    BC	As B.         
155	 940	A	 27	X	 3	  58.0	  60.0	     242.580	  23.3	  30.4	    1.960	    1.503	    2.716	  44.7	 0.808	    BC	As C.         
155	 940	A	 27	X	 4	  78.0	  80.0	     244.280	  24.2	  31.9	    1.992	    1.511	    2.852	  47.0	 0.888	     B	        
155	 940	A	 27	X	 5	  69.0	  71.0	     245.690	  24.3	  32.2	    1.990	    1.506	    2.859	  47.3	 0.899	     B	        