Leg	Site	H	Cor	T	Sc	Top(cm)	 Depth (mbsf)	 Corr. Counts	 Total Counts

155	 940	A	  1	H	 1	  14.5	        0.145	             	       752.00
155	 940	A	  1	H	 1	  44.4	        0.444	             	       661.00
155	 940	A	  1	H	 1	  74.6	        0.746	             	       731.00
155	 940	A	  1	H	 1	 104.4	        1.044	             	       791.00
155	 940	A	  1	H	 1	 134.6	        1.346	             	       687.00
155	 940	A	  1	H	 2	  14.6	        1.646	             	       868.00
155	 940	A	  1	H	 2	  44.4	        1.944	             	       821.00
155	 940	A	  1	H	 2	  74.4	        2.244	             	       834.00
155	 940	A	  1	H	 2	 104.4	        2.544	             	       824.00
155	 940	A	  2	H	 1	  14.4	        2.944	             	       889.00
155	 940	A	  2	H	 1	  44.4	        3.244	             	       934.00
155	 940	A	  2	H	 1	  74.4	        3.544	             	       904.00
155	 940	A	  2	H	 1	 104.6	        3.846	             	       902.00
155	 940	A	  2	H	 1	 134.4	        4.144	             	       974.00
155	 940	A	  2	H	 2	  14.5	        4.445	             	       925.00
155	 940	A	  2	H	 2	  44.6	        4.746	             	       922.00
155	 940	A	  2	H	 2	  74.5	        5.045	             	       963.00
155	 940	A	  2	H	 2	 104.4	        5.344	             	       957.00
155	 940	A	  2	H	 2	 134.5	        5.645	             	       929.00
155	 940	A	  2	H	 3	  14.4	        5.944	             	       930.00
155	 940	A	  2	H	 3	  44.4	        6.244	             	       932.00
155	 940	A	  2	H	 3	  74.4	        6.544	             	       913.00
155	 940	A	  2	H	 3	 104.4	        6.844	             	       893.00
155	 940	A	  2	H	 3	 134.4	        7.144	             	       972.00
155	 940	A	  2	H	 4	  14.4	        7.444	             	       871.00
155	 940	A	  2	H	 4	  44.4	        7.744	             	      1011.00
155	 940	A	  2	H	 4	  74.4	        8.044	             	       942.00
155	 940	A	  2	H	 4	 104.6	        8.346	             	       958.00
155	 940	A	  2	H	 4	 134.5	        8.645	             	      1044.00
155	 940	A	  2	H	 5	  14.4	        8.944	             	       998.00
155	 940	A	  2	H	 5	  44.5	        9.245	             	      1031.00
155	 940	A	  2	H	 5	  74.4	        9.544	             	      1001.00
155	 940	A	  2	H	 5	 104.4	        9.844	             	       988.00
155	 940	A	  2	H	 5	 134.5	       10.145	             	      1029.00
155	 940	A	  2	H	 6	  14.5	       10.445	             	       967.00
155	 940	A	  2	H	 6	  44.4	       10.744	             	      1008.00
155	 940	A	  2	H	 6	  74.6	       11.046	             	      1036.00
155	 940	A	  2	H	 6	 104.4	       11.344	             	       989.00
155	 940	A	  2	H	 6	 134.4	       11.644	             	      1053.00
155	 940	A	  2	H	 7	  14.6	       11.946	             	      1030.00
155	 940	A	  2	H	 7	  44.5	       12.245	             	      1019.00
155	 940	A	  3	H	 1	  14.5	       12.445	             	       931.00
155	 940	A	  3	H	 1	  44.4	       12.744	             	       946.00
155	 940	A	  3	H	 1	  74.4	       13.044	             	      1024.00
155	 940	A	  3	H	 1	 104.5	       13.345	             	      1097.00
155	 940	A	  3	H	 1	 134.4	       13.644	             	      1038.00
155	 940	A	  3	H	 2	  14.4	       13.944	             	      1049.00
155	 940	A	  3	H	 2	  44.4	       14.244	             	      1096.00
155	 940	A	  3	H	 2	  74.5	       14.545	             	      1065.00
155	 940	A	  3	H	 2	 104.5	       14.845	             	      1065.00
155	 940	A	  3	H	 2	 134.4	       15.144	             	      1080.00
155	 940	A	  3	H	 3	  14.4	       15.444	             	      1068.00
155	 940	A	  3	H	 3	  44.4	       15.744	             	      1066.00
155	 940	A	  3	H	 3	  74.4	       16.044	             	      1055.00
155	 940	A	  3	H	 3	 104.6	       16.346	             	      1095.00
155	 940	A	  3	H	 3	 134.5	       16.645	             	      1092.00
155	 940	A	  3	H	 4	  14.5	       16.945	             	      1081.00
155	 940	A	  3	H	 4	  44.4	       17.244	             	      1047.00
155	 940	A	  3	H	 4	  74.4	       17.544	             	      1077.00
155	 940	A	  3	H	 4	 104.4	       17.844	             	      1091.00
155	 940	A	  3	H	 4	 134.5	       18.145	             	      1128.00
155	 940	A	  3	H	 5	  14.5	       18.445	             	      1056.00
155	 940	A	  3	H	 5	  44.5	       18.745	             	      1066.00
155	 940	A	  3	H	 5	  74.5	       19.045	             	      1122.00
155	 940	A	  3	H	 5	 104.4	       19.344	             	      1062.00
155	 940	A	  3	H	 5	 134.5	       19.645	             	      1112.00
155	 940	A	  3	H	 6	  14.5	       19.945	             	      1024.00
155	 940	A	  3	H	 6	  44.4	       20.244	             	      1009.00
155	 940	A	  3	H	 6	  74.4	       20.544	             	      1084.00
155	 940	A	  3	H	 6	 104.4	       20.844	             	      1062.00
155	 940	A	  3	H	 6	 134.4	       21.144	             	      1098.00
155	 940	A	  4	H	 1	  14.4	       21.944	             	      1043.00
155	 940	A	  4	H	 1	  44.4	       22.244	             	      1042.00
155	 940	A	  4	H	 1	  74.6	       22.546	             	      1103.00
155	 940	A	  4	H	 1	 104.4	       22.844	             	      1109.00
155	 940	A	  4	H	 1	 134.5	       23.145	             	      1154.00
155	 940	A	  4	H	 2	  14.5	       23.445	             	      1104.00
155	 940	A	  4	H	 2	  44.5	       23.745	             	      1142.00
155	 940	A	  4	H	 2	  74.4	       24.044	             	      1063.00
155	 940	A	  4	H	 2	 104.4	       24.344	             	      1109.00
155	 940	A	  4	H	 2	 134.6	       24.646	             	      1122.00
155	 940	A	  4	H	 3	  14.6	       24.946	             	      1133.00
155	 940	A	  4	H	 3	  44.4	       25.244	             	      1125.00
155	 940	A	  4	H	 3	  74.4	       25.544	             	      1120.00
155	 940	A	  4	H	 3	 104.5	       25.845	             	      1117.00
155	 940	A	  4	H	 3	 134.4	       26.144	             	      1166.00
155	 940	A	  4	H	 4	  14.5	       26.445	             	      1104.00
155	 940	A	  4	H	 4	  44.6	       26.746	             	      1170.00
155	 940	A	  4	H	 4	  74.5	       27.045	             	      1162.00
155	 940	A	  4	H	 4	 104.4	       27.344	             	      1125.00
155	 940	A	  4	H	 4	 134.4	       27.644	             	      1136.00
155	 940	A	  4	H	 5	  14.5	       27.945	             	      1053.00
155	 940	A	  4	H	 5	  44.4	       28.244	             	      1165.00
155	 940	A	  4	H	 5	  74.4	       28.544	             	      1106.00
155	 940	A	  4	H	 5	 104.4	       28.844	             	      1075.00
155	 940	A	  4	H	 5	 134.4	       29.144	             	      1125.00
155	 940	A	  4	H	 6	  14.5	       29.445	             	      1014.00
155	 940	A	  4	H	 6	  44.4	       29.744	             	      1067.00
155	 940	A	  4	H	 6	  74.5	       30.045	             	      1090.00
155	 940	A	  4	H	 6	 104.4	       30.344	             	      1068.00
155	 940	A	  4	H	 6	 134.4	       30.644	             	      1123.00
155	 940	A	  4	H	 7	  14.5	       30.945	             	      1001.00
155	 940	A	  4	H	 7	  44.5	       31.245	             	      1039.00
155	 940	A	  5	H	 1	  14.4	       31.444	             	       949.00
155	 940	A	  5	H	 1	  44.5	       31.745	             	       931.00
155	 940	A	  5	H	 1	  74.5	       32.045	             	      1019.00
155	 940	A	  5	H	 1	 104.4	       32.344	             	      1031.00
155	 940	A	  5	H	 2	  14.4	       32.744	             	       964.00
155	 940	A	  5	H	 2	  44.6	       33.046	             	       995.00
155	 940	A	  5	H	 2	  74.4	       33.344	             	      1073.00
155	 940	A	  5	H	 2	 104.6	       33.646	             	      1034.00
155	 940	A	  5	H	 2	 134.4	       33.944	             	      1117.00
155	 940	A	  5	H	 3	  14.4	       34.244	             	      1100.00
155	 940	A	  5	H	 3	  44.4	       34.544	             	       618.00
155	 940	A	  5	H	 3	  74.4	       34.844	             	       986.00
155	 940	A	  5	H	 4	  14.5	       35.285	             	      1040.00
155	 940	A	  5	H	 4	  44.4	       35.584	             	       944.00
155	 940	A	  5	H	 4	  74.5	       35.885	             	       995.00
155	 940	A	  5	H	 5	  14.5	       36.085	             	      1011.00
155	 940	A	  5	H	 5	  44.6	       36.386	             	      1115.00
155	 940	A	  5	H	 5	  74.6	       36.686	             	       859.00
155	 940	A	  5	H	 6	  14.4	       36.874	             	       984.00
155	 940	A	  5	H	 6	  44.4	       37.174	             	      1067.00
155	 940	A	  5	H	 6	  74.5	       37.475	             	      1103.00
155	 940	A	  5	H	 6	 104.5	       37.775	             	      1027.00
155	 940	A	  5	H	 6	 134.4	       38.074	             	      1043.00
155	 940	A	  5	H	 7	  14.5	       38.345	             	       978.00
155	 940	A	  5	H	 7	  44.5	       38.645	             	       931.00
155	 940	A	  5	H	 7	  74.5	       38.945	             	      1065.00
155	 940	A	  5	H	 7	 104.4	       39.244	             	      1027.00
155	 940	A	  5	H	 7	 134.4	       39.544	             	      1102.00
155	 940	A	  6	H	 1	  14.5	       40.945	             	      1047.00
155	 940	A	  6	H	 1	  44.4	       41.244	             	      1019.00
155	 940	A	  6	H	 1	  74.4	       41.544	             	      1113.00
155	 940	A	  6	H	 1	 104.5	       41.845	             	      1145.00
155	 940	A	  6	H	 1	 134.4	       42.144	             	      1124.00
155	 940	A	  6	H	 2	  14.4	       42.444	             	      1094.00
155	 940	A	  6	H	 2	  44.4	       42.744	             	      1102.00
155	 940	A	  6	H	 2	  74.4	       43.044	             	      1067.00
155	 940	A	  6	H	 2	 104.4	       43.344	             	      1115.00
155	 940	A	  6	H	 2	 134.5	       43.645	             	      1085.00
155	 940	A	  6	H	 3	  14.5	       43.945	             	       999.00
155	 940	A	  6	H	 3	  44.4	       44.244	             	      1077.00
155	 940	A	  6	H	 3	  74.4	       44.544	             	      1043.00
155	 940	A	  6	H	 3	 104.4	       44.844	             	      1021.00
155	 940	A	  6	H	 3	 134.4	       45.144	             	      1110.00
155	 940	A	  6	H	 4	  14.5	       45.445	             	      1047.00
155	 940	A	  6	H	 4	  44.4	       45.744	             	      1010.00
155	 940	A	  6	H	 4	  74.4	       46.044	             	      1029.00
155	 940	A	  6	H	 4	 104.4	       46.344	             	      1015.00
155	 940	A	  6	H	 4	 134.4	       46.644	             	      1070.00
155	 940	A	  6	H	 5	  14.5	       46.945	             	      1087.00
155	 940	A	  6	H	 5	  44.5	       47.245	             	      1022.00
155	 940	A	  6	H	 5	  74.4	       47.544	             	      1111.00
155	 940	A	  6	H	 5	 104.4	       47.844	             	      1086.00
155	 940	A	  6	H	 5	 134.4	       48.144	             	      1055.00
155	 940	A	  6	H	 6	  14.5	       48.445	             	      1018.00
155	 940	A	  6	H	 6	  44.4	       48.744	             	      1023.00
155	 940	A	  6	H	 6	  74.4	       49.044	             	      1059.00
155	 940	A	  6	H	 6	 104.4	       49.344	             	      1081.00
155	 940	A	  6	H	 6	 134.4	       49.644	             	      1044.00
155	 940	A	  6	H	 7	  14.5	       49.945	             	       993.00
155	 940	A	  6	H	 7	  44.5	       50.245	             	      1038.00
155	 940	A	  6	H	 7	  74.6	       50.546	             	      1074.00
155	 940	A	  7	H	 2	  14.5	       51.215	             	      1069.00
155	 940	A	  7	H	 2	  44.5	       51.515	             	      1055.00
155	 940	A	  7	H	 2	  74.4	       51.814	             	      1045.00
155	 940	A	  7	H	 2	 104.4	       52.114	             	      1115.00
155	 940	A	  7	H	 3	  14.4	       52.554	             	      1058.00
155	 940	A	  7	H	 3	  44.5	       52.855	             	       912.00
155	 940	A	  7	H	 3	  74.5	       53.155	             	       930.00
155	 940	A	  7	H	 3	 104.4	       53.454	             	      1115.00
155	 940	A	  7	H	 3	 134.4	       53.754	             	      1107.00
155	 940	A	  7	H	 4	  14.5	       54.055	             	      1120.00
155	 940	A	  7	H	 4	  44.6	       54.356	             	      1117.00
155	 940	A	  7	H	 4	  74.4	       54.654	             	      1031.00
155	 940	A	  7	H	 4	 104.4	       54.954	             	      1167.00
155	 940	A	  7	H	 4	 134.4	       55.254	             	      1095.00
155	 940	A	  7	H	 5	  14.5	       55.485	             	      1107.00
155	 940	A	  7	H	 5	  44.4	       55.784	             	      1100.00
155	 940	A	  7	H	 5	  74.4	       56.084	             	      1122.00
155	 940	A	  7	H	 5	 104.5	       56.385	             	      1129.00
155	 940	A	  7	H	 5	 134.4	       56.684	             	      1199.00
155	 940	A	  7	H	 6	  14.4	       56.984	             	      1164.00
155	 940	A	  7	H	 6	  44.4	       57.284	             	      1094.00
155	 940	A	  7	H	 6	  74.4	       57.584	             	      1125.00
155	 940	A	  7	H	 6	 104.4	       57.884	             	      1052.00
155	 940	A	  7	H	 6	 134.4	       58.184	             	      1137.00
155	 940	A	  7	H	 7	  14.5	       58.485	             	       975.00
155	 940	A	  8	H	 2	  14.5	       61.445	             	      1072.00
155	 940	A	  8	H	 2	  44.5	       61.745	             	      1170.00
155	 940	A	  8	H	 2	  74.4	       62.044	             	      1031.00
155	 940	A	  8	H	 2	 104.6	       62.346	             	      1083.00
155	 940	A	  8	H	 2	 134.4	       62.644	             	      1176.00
155	 940	A	  8	H	 3	  14.4	       62.944	             	      1174.00
155	 940	A	  8	H	 3	  44.6	       63.246	             	      1201.00
155	 940	A	  8	H	 3	  74.4	       63.544	             	      1120.00
155	 940	A	  8	H	 3	 104.4	       63.844	             	      1120.00
155	 940	A	  8	H	 3	 134.4	       64.144	             	      1071.00
155	 940	A	  8	H	 4	  14.4	       64.444	             	      1107.00
155	 940	A	  8	H	 4	  44.4	       64.744	             	      1066.00
155	 940	A	  8	H	 4	  74.4	       65.044	             	       972.00
155	 940	A	  8	H	 4	 104.4	       65.344	             	      1088.00
155	 940	A	  8	H	 4	 134.4	       65.644	             	      1130.00
155	 940	A	  8	H	 6	  14.4	       67.464	             	      1173.00
155	 940	A	  8	H	 6	  44.4	       67.764	             	      1219.00
155	 940	A	  8	H	 6	  74.4	       68.064	             	      1191.00
155	 940	A	  8	H	 6	 104.6	       68.366	             	      1191.00
155	 940	A	  9	X	 1	  14.5	       69.445	             	       930.00
155	 940	A	  9	X	 1	  44.4	       69.744	             	      1031.00
155	 940	A	  9	X	 1	  74.4	       70.044	             	      1118.00
155	 940	A	  9	X	 1	 104.5	       70.345	             	      1031.00
155	 940	A	  9	X	 1	 134.4	       70.644	             	      1080.00
155	 940	A	  9	X	 2	  14.4	       70.944	             	      1052.00
155	 940	A	  9	X	 2	  44.4	       71.244	             	      1094.00
155	 940	A	  9	X	 2	  74.4	       71.544	             	      1102.00
155	 940	A	  9	X	 2	 104.4	       71.844	             	      1098.00
155	 940	A	  9	X	 2	 134.6	       72.146	             	      1130.00
155	 940	A	  9	X	 3	  14.5	       72.445	             	      1081.00
155	 940	A	  9	X	 3	  44.6	       72.746	             	      1130.00
155	 940	A	  9	X	 3	  74.4	       73.044	             	      1081.00
155	 940	A	  9	X	 3	 104.5	       73.345	             	      1084.00
155	 940	A	  9	X	 3	 134.4	       73.644	             	      1156.00
155	 940	A	  9	X	 4	  14.5	       73.945	             	      1133.00
155	 940	A	  9	X	 4	  44.4	       74.244	             	      1139.00
155	 940	A	  9	X	 4	  74.4	       74.544	             	      1147.00
155	 940	A	  9	X	 4	 104.5	       74.845	             	      1178.00
155	 940	A	  9	X	 4	 134.4	       75.144	             	      1130.00
155	 940	A	  9	X	 5	  14.4	       75.444	             	      1096.00
155	 940	A	  9	X	 5	  44.4	       75.744	             	      1093.00
155	 940	A	  9	X	 5	  74.5	       76.045	             	      1041.00
155	 940	A	  9	X	 5	 104.4	       76.344	             	      1050.00
155	 940	A	  9	X	 6	  14.4	       76.644	             	      1041.00
155	 940	A	  9	X	 6	  44.5	       76.945	             	       954.00
155	 940	A	 10	X	 1	  14.5	       77.145	             	       972.00
155	 940	A	 10	X	 1	  44.4	       77.444	             	      1072.00
155	 940	A	 10	X	 1	  74.4	       77.744	             	      1060.00
155	 940	A	 10	X	 1	 104.4	       78.044	             	      1092.00
155	 940	A	 10	X	 1	 134.4	       78.344	             	      1102.00
155	 940	A	 10	X	 2	  14.4	       78.644	             	      1086.00
155	 940	A	 10	X	 2	  44.4	       78.944	             	      1144.00
155	 940	A	 10	X	 2	  74.5	       79.245	             	      1086.00
155	 940	A	 10	X	 2	 104.4	       79.544	             	      1136.00
155	 940	A	 10	X	 2	 134.6	       79.846	             	      1108.00
155	 940	A	 10	X	 3	  14.5	       80.145	             	      1011.00
155	 940	A	 10	X	 3	  44.4	       80.444	             	      1066.00
155	 940	A	 10	X	 3	  74.5	       80.745	             	       998.00
155	 940	A	 10	X	 3	 104.4	       81.044	             	      1008.00
155	 940	A	 10	X	 3	 134.4	       81.344	             	      1087.00
155	 940	A	 10	X	 4	  14.5	       81.645	             	      1053.00
155	 940	A	 10	X	 4	  44.4	       81.944	             	      1114.00
155	 940	A	 10	X	 4	  74.5	       82.245	             	      1050.00
155	 940	A	 10	X	 4	 104.4	       82.544	             	      1128.00
155	 940	A	 10	X	 4	 134.4	       82.844	             	      1092.00
155	 940	A	 10	X	 5	  14.5	       83.145	             	      1086.00
155	 940	A	 10	X	 5	  44.6	       83.446	             	      1100.00
155	 940	A	 10	X	 5	  74.6	       83.746	             	      1121.00
155	 940	A	 10	X	 5	 104.6	       84.046	             	      1138.00
155	 940	A	 10	X	 5	 134.4	       84.344	             	      1188.00
155	 940	A	 11	X	 1	  14.5	       84.845	             	      1012.00
155	 940	A	 11	X	 1	  44.4	       85.144	             	      1082.00
155	 940	A	 11	X	 1	  74.4	       85.444	             	      1095.00
155	 940	A	 11	X	 1	 104.4	       85.744	             	      1050.00
155	 940	A	 11	X	 1	 134.5	       86.045	             	      1076.00
155	 940	A	 11	X	 2	  14.4	       86.344	             	      1063.00
155	 940	A	 11	X	 2	  44.4	       86.644	             	      1095.00
155	 940	A	 11	X	 2	  74.4	       86.944	             	       985.00
155	 940	A	 11	X	 2	 104.4	       87.244	             	      1032.00
155	 940	A	 11	X	 2	 134.4	       87.544	             	      1121.00
155	 940	A	 11	X	 3	  14.5	       87.815	             	      1078.00
155	 940	A	 11	X	 3	  44.5	       88.115	             	      1153.00
155	 940	A	 11	X	 3	  74.4	       88.414	             	      1056.00
155	 940	A	 11	X	 3	 104.5	       88.715	             	      1100.00
155	 940	A	 11	X	 3	 134.4	       89.014	             	      1145.00
155	 940	A	 11	X	 4	  14.5	       89.315	             	      1052.00
155	 940	A	 11	X	 4	  44.6	       89.616	             	      1103.00
155	 940	A	 11	X	 4	  74.6	       89.916	             	      1063.00
155	 940	A	 11	X	 4	 104.4	       90.214	             	       988.00
155	 940	A	 11	X	 4	 134.4	       90.514	             	       946.00
155	 940	A	 11	X	 5	  14.5	       90.815	             	      1116.00
155	 940	A	 11	X	 5	  44.6	       91.116	             	      1132.00
155	 940	A	 11	X	 5	  74.4	       91.414	             	      1044.00
155	 940	A	 11	X	 5	 104.4	       91.714	             	      1152.00
155	 940	A	 11	X	 5	 134.4	       92.014	             	      1167.00
155	 940	A	 11	X	 6	  14.5	       92.315	             	      1127.00
155	 940	A	 11	X	 6	  44.4	       92.614	             	      1045.00
155	 940	A	 11	X	 6	  74.5	       92.915	             	      1143.00
155	 940	A	 11	X	 6	 104.5	       93.215	             	       729.00
155	 940	A	 12	X	 1	  14.4	       94.444	             	      1015.00
155	 940	A	 12	X	 1	  44.4	       94.744	             	      1060.00
155	 940	A	 12	X	 1	  74.5	       95.045	             	      1066.00
155	 940	A	 12	X	 1	 104.6	       95.346	             	      1123.00
155	 940	A	 12	X	 1	 134.4	       95.644	             	      1087.00
155	 940	A	 12	X	 2	  14.5	       95.945	             	      1151.00
155	 940	A	 12	X	 2	  44.6	       96.246	             	      1098.00
155	 940	A	 12	X	 2	  74.6	       96.546	             	      1112.00
155	 940	A	 12	X	 2	 104.5	       96.845	             	      1157.00
155	 940	A	 12	X	 2	 134.5	       97.145	             	      1183.00
155	 940	A	 12	X	 3	  14.5	       97.445	             	      1160.00
155	 940	A	 12	X	 3	  44.4	       97.744	             	      1058.00
155	 940	A	 12	X	 3	  74.4	       98.044	             	      1141.00
155	 940	A	 12	X	 3	 104.4	       98.344	             	      1104.00
155	 940	A	 12	X	 3	 134.4	       98.644	             	      1174.00
155	 940	A	 12	X	 4	  14.5	       98.945	             	      1130.00
155	 940	A	 12	X	 4	  44.4	       99.244	             	      1069.00
155	 940	A	 12	X	 4	  74.4	       99.544	             	      1088.00
155	 940	A	 12	X	 4	 104.5	       99.845	             	      1092.00
155	 940	A	 12	X	 4	 134.5	      100.145	             	      1174.00
155	 940	A	 12	X	 5	  14.4	      100.444	             	      1149.00
155	 940	A	 12	X	 5	  44.4	      100.744	             	      1204.00
155	 940	A	 12	X	 5	  74.4	      101.044	             	      1127.00
155	 940	A	 12	X	 5	 104.5	      101.345	             	      1123.00
155	 940	A	 12	X	 5	 134.4	      101.644	             	      1147.00
155	 940	A	 13	X	 1	  14.5	      104.045	             	       963.00
155	 940	A	 13	X	 1	  44.6	      104.346	             	      1039.00
155	 940	A	 13	X	 1	  74.4	      104.644	             	       986.00
155	 940	A	 13	X	 1	 104.5	      104.945	             	      1092.00
155	 940	A	 13	X	 1	 134.4	      105.244	             	      1085.00
155	 940	A	 13	X	 2	  14.5	      105.505	             	      1099.00
155	 940	A	 13	X	 2	  44.6	      105.806	             	      1104.00
155	 940	A	 13	X	 2	  74.4	      106.104	             	      1048.00
155	 940	A	 13	X	 2	 104.5	      106.405	             	      1095.00
155	 940	A	 13	X	 2	 134.4	      106.704	             	       975.00
155	 940	A	 13	X	 3	  14.4	      106.924	             	      1011.00
155	 940	A	 13	X	 3	  44.5	      107.225	             	      1025.00
155	 940	A	 13	X	 3	  74.4	      107.524	             	      1031.00
155	 940	A	 13	X	 3	 104.5	      107.825	             	      1029.00
155	 940	A	 13	X	 3	 134.4	      108.124	             	      1086.00
155	 940	A	 13	X	 4	  14.5	      108.425	             	      1075.00
155	 940	A	 13	X	 4	  44.4	      108.724	             	      1048.00
155	 940	A	 13	X	 4	  74.5	      109.025	             	      1064.00
155	 940	A	 13	X	 4	 104.6	      109.326	             	      1040.00
155	 940	A	 13	X	 4	 134.4	      109.624	             	      1100.00
155	 940	A	 13	X	 5	  14.5	      109.925	             	      1057.00
155	 940	A	 13	X	 5	  44.4	      110.224	             	      1020.00
155	 940	A	 13	X	 5	  74.5	      110.525	             	      1184.00
155	 940	A	 13	X	 5	 104.4	      110.824	             	       656.00
155	 940	A	 14	X	 1	  14.4	      113.744	             	       963.00
155	 940	A	 14	X	 1	  44.4	      114.044	             	      1041.00
155	 940	A	 14	X	 1	  74.4	      114.344	             	      1064.00
155	 940	A	 14	X	 1	 104.5	      114.645	             	       948.00
155	 940	A	 14	X	 1	 134.4	      114.944	             	      1071.00
155	 940	A	 14	X	 2	  14.5	      115.245	             	       823.00
155	 940	A	 14	X	 2	  44.5	      115.545	             	       994.00
155	 940	A	 14	X	 2	  74.4	      115.844	             	      1004.00
155	 940	A	 14	X	 2	 104.5	      116.145	             	       899.00
155	 940	A	 14	X	 2	 134.6	      116.446	             	       782.00
155	 940	A	 14	X	 3	  14.4	      116.744	             	       984.00
155	 940	A	 14	X	 3	  44.4	      117.044	             	      1067.00
155	 940	A	 14	X	 3	  74.4	      117.344	             	      1120.00
155	 940	A	 15	X	 1	  14.5	      123.445	             	       995.00
155	 940	A	 15	X	 1	  44.6	      123.746	             	      1064.00
155	 940	A	 15	X	 1	  74.6	      124.046	             	      1071.00
155	 940	A	 15	X	 1	 104.5	      124.345	             	      1100.00
155	 940	A	 15	X	 1	 134.4	      124.644	             	      1194.00
155	 940	A	 15	X	 2	  14.5	      124.945	             	       976.00
155	 940	A	 15	X	 2	  44.4	      125.244	             	      1068.00
155	 940	A	 15	X	 2	  74.5	      125.545	             	      1080.00
155	 940	A	 15	X	 2	 104.5	      125.845	             	      1144.00
155	 940	A	 15	X	 2	 134.4	      126.144	             	      1251.00
155	 940	A	 15	X	 3	  14.4	      126.444	             	       990.00
155	 940	A	 15	X	 3	  44.4	      126.744	             	      1060.00
155	 940	A	 15	X	 3	  74.4	      127.044	             	       946.00
155	 940	A	 15	X	 3	 104.6	      127.346	             	       693.00
155	 940	A	 15	X	 3	 134.4	      127.644	             	      1104.00
155	 940	A	 15	X	 4	  14.5	      127.945	             	       758.00
155	 940	A	 15	X	 4	  44.6	      128.246	             	       830.00
155	 940	A	 15	X	 4	  74.4	      128.544	             	      1071.00
155	 940	A	 15	X	 4	 104.5	      128.845	             	       984.00
155	 940	A	 15	X	 4	 134.5	      129.145	             	      1061.00
155	 940	A	 15	X	 5	  14.4	      129.444	             	      1021.00
155	 940	A	 15	X	 5	  44.4	      129.744	             	      1144.00
155	 940	A	 16	X	 1	  14.4	      133.144	             	       995.00
155	 940	A	 16	X	 1	  44.6	      133.446	             	      1017.00
155	 940	A	 16	X	 1	  74.4	      133.744	             	      1099.00
155	 940	A	 16	X	 1	 104.4	      134.044	             	      1028.00
155	 940	A	 16	X	 1	 134.4	      134.344	             	      1004.00
155	 940	A	 16	X	 2	  14.5	      134.645	             	       997.00
155	 940	A	 16	X	 2	  44.4	      134.944	             	       979.00
155	 940	A	 16	X	 2	  74.4	      135.244	             	      1058.00
155	 940	A	 16	X	 2	 104.4	      135.544	             	      1104.00
155	 940	A	 16	X	 2	 134.4	      135.844	             	      1073.00
155	 940	A	 16	X	 3	  14.5	      136.145	             	       735.00
155	 940	A	 16	X	 3	  44.4	      136.444	             	      1069.00
155	 940	A	 16	X	 3	  74.4	      136.744	             	      1050.00
155	 940	A	 16	X	 3	 104.4	      137.044	             	      1001.00
155	 940	A	 16	X	 3	 134.4	      137.344	             	       973.00
155	 940	A	 16	X	 4	  14.4	      137.644	             	       671.00
155	 940	A	 16	X	 4	  44.5	      137.945	             	      1027.00
155	 940	A	 16	X	 4	  74.4	      138.244	             	      1098.00
155	 940	A	 16	X	 4	 104.4	      138.544	             	       879.00
155	 940	A	 16	X	 4	 134.4	      138.844	             	       911.00
155	 940	A	 16	X	 5	  14.5	      139.145	             	      1095.00
155	 940	A	 16	X	 5	  44.4	      139.444	             	      1079.00
155	 940	A	 16	X	 5	  74.5	      139.745	             	       342.00
155	 940	A	 16	X	 5	 104.6	      140.046	             	       968.00
155	 940	A	 16	X	 5	 134.5	      140.345	             	      1091.00
155	 940	A	 16	X	 6	  14.4	      140.644	             	      1057.00
155	 940	A	 16	X	 6	  44.5	      140.945	             	      1087.00
155	 940	A	 16	X	 6	  74.5	      141.245	             	       834.00
155	 940	A	 16	X	 6	 104.5	      141.545	             	      1055.00
155	 940	A	 16	X	 6	 134.4	      141.844	             	      1111.00
155	 940	A	 16	X	 7	  14.6	      142.146	             	      1115.00
155	 940	A	 16	X	 7	  44.4	      142.444	             	      1126.00
155	 940	A	 17	X	 1	  14.4	      142.744	             	       968.00
155	 940	A	 17	X	 1	  44.4	      143.044	             	      1105.00
155	 940	A	 17	X	 1	  74.4	      143.344	             	      1113.00
155	 940	A	 17	X	 1	 104.4	      143.644	             	      1074.00
155	 940	A	 17	X	 1	 134.4	      143.944	             	      1168.00
155	 940	A	 17	X	 2	  14.4	      144.244	             	       831.00
155	 940	A	 17	X	 2	  44.4	      144.544	             	      1083.00
155	 940	A	 17	X	 2	  74.4	      144.844	             	       962.00
155	 940	A	 17	X	 2	 104.5	      145.145	             	      1104.00
155	 940	A	 17	X	 2	 134.4	      145.444	             	       862.00
155	 940	A	 17	X	 4	  14.4	      147.244	             	      1112.00
155	 940	A	 17	X	 4	  44.4	      147.544	             	      1171.00
155	 940	A	 17	X	 4	  74.4	      147.844	             	      1064.00
155	 940	A	 17	X	 4	 104.4	      148.144	             	      1090.00
155	 940	A	 17	X	 4	 134.4	      148.444	             	      1138.00
155	 940	A	 17	X	 5	  14.5	      148.745	             	      1067.00
155	 940	A	 17	X	 5	  44.4	      149.044	             	      1119.00
155	 940	A	 18	X	 1	  14.4	      152.344	             	      1100.00
155	 940	A	 18	X	 1	  44.4	      152.644	             	      1162.00
155	 940	A	 18	X	 1	  74.4	      152.944	             	      1154.00
155	 940	A	 18	X	 1	 104.6	      153.246	             	      1199.00
155	 940	A	 18	X	 1	 134.4	      153.544	             	      1228.00
155	 940	A	 18	X	 2	  14.4	      153.844	             	      1149.00
155	 940	A	 18	X	 2	  44.5	      154.145	             	      1156.00
155	 940	A	 18	X	 2	  74.4	      154.444	             	      1220.00
155	 940	A	 18	X	 2	 104.5	      154.745	             	      1118.00
155	 940	A	 18	X	 2	 134.4	      155.044	             	      1215.00
155	 940	A	 18	X	 3	  14.5	      155.345	             	      1111.00
155	 940	A	 18	X	 3	  44.4	      155.644	             	      1214.00
155	 940	A	 18	X	 3	  74.4	      155.944	             	      1195.00
155	 940	A	 18	X	 3	 104.6	      156.246	             	      1138.00
155	 940	A	 18	X	 3	 134.5	      156.545	             	      1211.00
155	 940	A	 18	X	 4	  14.5	      156.845	             	      1183.00
155	 940	A	 18	X	 4	  44.4	      157.144	             	      1191.00
155	 940	A	 18	X	 4	  74.4	      157.444	             	      1174.00
155	 940	A	 18	X	 4	 104.4	      157.744	             	       997.00
155	 940	A	 18	X	 4	 134.4	      158.044	             	      1040.00
155	 940	A	 18	X	 5	  14.5	      158.345	             	      1084.00
155	 940	A	 18	X	 5	  44.4	      158.644	             	      1114.00
155	 940	A	 18	X	 5	  74.4	      158.944	             	      1184.00
155	 940	A	 18	X	 5	 104.5	      159.245	             	      1170.00
155	 940	A	 18	X	 5	 134.4	      159.544	             	      1149.00
155	 940	A	 18	X	 6	  14.5	      159.845	             	      1179.00
155	 940	A	 18	X	 6	  44.4	      160.144	             	      1156.00
155	 940	A	 19	X	 1	  14.5	      162.045	             	      1094.00
155	 940	A	 19	X	 1	  44.4	      162.344	             	      1121.00
155	 940	A	 19	X	 1	  74.4	      162.644	             	      1150.00
155	 940	A	 19	X	 1	 104.5	      162.945	             	       925.00
155	 940	A	 19	X	 1	 134.4	      163.244	             	      1038.00
155	 940	A	 19	X	 2	  14.5	      163.545	             	      1119.00
155	 940	A	 19	X	 2	  44.4	      163.844	             	      1163.00
155	 940	A	 19	X	 2	  74.4	      164.144	             	      1068.00
155	 940	A	 19	X	 2	 104.6	      164.446	             	      1108.00
155	 940	A	 19	X	 2	 134.4	      164.744	             	      1182.00
155	 940	A	 19	X	 3	  14.4	      165.044	             	      1086.00
155	 940	A	 19	X	 3	  44.4	      165.344	             	      1178.00
155	 940	A	 19	X	 3	  74.4	      165.644	             	      1168.00
155	 940	A	 19	X	 3	 104.6	      165.946	             	       983.00
155	 940	A	 19	X	 3	 134.5	      166.245	             	      1227.00
155	 940	A	 19	X	 4	  14.4	      166.544	             	      1044.00
155	 940	A	 19	X	 4	  44.4	      166.844	             	      1105.00
155	 940	A	 19	X	 4	  74.4	      167.144	             	      1177.00
155	 940	A	 19	X	 4	 104.6	      167.446	             	      1024.00
155	 940	A	 20	X	 1	  14.4	      171.644	             	      1083.00
155	 940	A	 20	X	 1	  44.5	      171.945	             	       995.00
155	 940	A	 21	X	 1	  14.5	      181.245	             	      1088.00
155	 940	A	 21	X	 1	  44.4	      181.544	             	      1017.00
155	 940	A	 21	X	 1	  74.4	      181.844	             	      1153.00
155	 940	A	 21	X	 1	 104.4	      182.144	             	      1186.00
155	 940	A	 21	X	 1	 134.4	      182.444	             	      1163.00
155	 940	A	 21	X	 2	  14.5	      182.745	             	      1107.00
155	 940	A	 21	X	 2	  44.4	      183.044	             	      1144.00
155	 940	A	 21	X	 2	  74.6	      183.346	             	      1102.00
155	 940	A	 21	X	 2	 104.4	      183.644	             	      1189.00
155	 940	A	 21	X	 2	 134.5	      183.945	             	       982.00
155	 940	A	 21	X	 3	  14.4	      184.244	             	      1174.00
155	 940	A	 21	X	 3	  44.4	      184.544	             	      1159.00
155	 940	A	 21	X	 3	  74.4	      184.844	             	      1165.00
155	 940	A	 21	X	 3	 104.6	      185.146	             	      1125.00
155	 940	A	 21	X	 3	 134.4	      185.444	             	      1142.00
155	 940	A	 21	X	 4	  14.5	      185.745	             	      1153.00
155	 940	A	 21	X	 4	  44.6	      186.046	             	      1105.00
155	 940	A	 21	X	 4	  74.4	      186.344	             	      1194.00
155	 940	A	 21	X	 4	 104.4	      186.644	             	      1181.00
155	 940	A	 21	X	 4	 134.4	      186.944	             	       984.00
155	 940	A	 22	X	 1	  14.4	      190.944	             	      1143.00
155	 940	A	 22	X	 1	  44.4	      191.244	             	      1182.00
155	 940	A	 22	X	 1	  74.4	      191.544	             	      1265.00
155	 940	A	 22	X	 1	 104.5	      191.845	             	      1244.00
155	 940	A	 22	X	 1	 134.4	      192.144	             	      1178.00
155	 940	A	 22	X	 2	  14.4	      192.444	             	      1150.00
155	 940	A	 22	X	 2	  44.4	      192.744	             	      1062.00
155	 940	A	 22	X	 2	  74.4	      193.044	             	      1145.00
155	 940	A	 22	X	 2	 104.6	      193.346	             	      1130.00
155	 940	A	 22	X	 2	 134.4	      193.644	             	      1228.00
155	 940	A	 22	X	 3	  14.5	      193.945	             	      1243.00
155	 940	A	 22	X	 3	  44.5	      194.245	             	      1244.00
155	 940	A	 22	X	 3	  74.4	      194.544	             	      1201.00
155	 940	A	 22	X	 3	 104.5	      194.845	             	      1192.00
155	 940	A	 22	X	 3	 134.4	      195.144	             	      1236.00
155	 940	A	 22	X	 4	  14.4	      195.444	             	      1112.00
155	 940	A	 22	X	 4	  44.4	      195.744	             	      1242.00
155	 940	A	 22	X	 4	  74.4	      196.044	             	      1118.00
155	 940	A	 22	X	 4	 104.6	      196.346	             	      1186.00
155	 940	A	 22	X	 4	 134.4	      196.644	             	      1190.00
155	 940	A	 22	X	 5	  14.5	      196.945	             	      1110.00
155	 940	A	 22	X	 5	  44.4	      197.244	             	      1135.00
155	 940	A	 22	X	 5	  74.6	      197.546	             	      1086.00
155	 940	A	 22	X	 5	 104.5	      197.845	             	      1158.00
155	 940	A	 22	X	 5	 134.4	      198.144	             	      1160.00
155	 940	A	 22	X	 6	  14.5	      198.445	             	      1136.00
155	 940	A	 22	X	 6	  44.4	      198.744	             	      1137.00
155	 940	A	 23	X	 2	  14.5	      201.675	             	      1197.00
155	 940	A	 23	X	 2	  44.4	      201.974	             	      1143.00
155	 940	A	 23	X	 2	  74.4	      202.274	             	      1283.00
155	 940	A	 23	X	 2	 104.5	      202.575	             	      1155.00
155	 940	A	 23	X	 2	 134.4	      202.874	             	      1253.00
155	 940	A	 23	X	 3	  14.4	      203.174	             	      1196.00
155	 940	A	 23	X	 3	  44.4	      203.474	             	      1259.00
155	 940	A	 23	X	 3	  74.4	      203.774	             	      1209.00
155	 940	A	 23	X	 3	 104.5	      204.075	             	      1211.00
155	 940	A	 23	X	 3	 134.4	      204.374	             	      1208.00
155	 940	A	 23	X	 4	  14.4	      204.674	             	      1195.00
155	 940	A	 23	X	 4	  44.4	      204.974	             	      1252.00
155	 940	A	 23	X	 4	  74.4	      205.274	             	      1189.00
155	 940	A	 23	X	 4	 104.4	      205.574	             	      1147.00
155	 940	A	 23	X	 4	 134.4	      205.874	             	      1246.00
155	 940	A	 23	X	 5	  14.6	      206.176	             	      1114.00
155	 940	A	 23	X	 5	  44.5	      206.475	             	      1196.00
155	 940	A	 23	X	 5	  74.4	      206.774	             	      1187.00
155	 940	A	 23	X	 5	 104.5	      207.075	             	      1218.00
155	 940	A	 23	X	 5	 134.4	      207.374	             	      1202.00
155	 940	A	 23	X	 6	  14.6	      207.676	             	      1167.00
155	 940	A	 23	X	 6	  44.4	      207.974	             	      1249.00
155	 940	A	 23	X	 6	  74.4	      208.274	             	      1119.00
155	 940	A	 23	X	 6	 104.5	      208.575	             	      1219.00
155	 940	A	 23	X	 6	 134.4	      208.874	             	      1307.00
155	 940	A	 23	X	 7	  14.4	      209.174	             	      1094.00
155	 940	A	 23	X	 7	  44.4	      209.474	             	      1249.00
155	 940	A	 24	X	 1	  14.5	      210.145	             	       967.00
155	 940	A	 24	X	 1	  44.6	      210.446	             	      1220.00
155	 940	A	 24	X	 1	  74.4	      210.744	             	      1161.00
155	 940	A	 24	X	 1	 104.6	      211.046	             	      1128.00
155	 940	A	 24	X	 1	 134.5	      211.345	             	      1195.00
155	 940	A	 24	X	 2	  14.5	      211.645	             	      1129.00
155	 940	A	 24	X	 2	  44.5	      211.945	             	      1141.00
155	 940	A	 24	X	 2	  74.4	      212.244	             	      1129.00
155	 940	A	 24	X	 2	 104.4	      212.544	             	       982.00
155	 940	A	 24	X	 2	 134.4	      212.844	             	      1146.00
155	 940	A	 24	X	 3	  14.4	      213.144	             	      1088.00
155	 940	A	 24	X	 3	  44.5	      213.445	             	      1107.00
155	 940	A	 24	X	 3	  74.4	      213.744	             	      1067.00
155	 940	A	 24	X	 3	 104.5	      214.045	             	      1079.00
155	 940	A	 24	X	 3	 134.4	      214.344	             	      1192.00
155	 940	A	 24	X	 4	  14.5	      214.645	             	      1141.00
155	 940	A	 24	X	 4	  44.4	      214.944	             	      1251.00
155	 940	A	 24	X	 4	  74.6	      215.246	             	      1184.00
155	 940	A	 24	X	 4	 104.6	      215.546	             	      1039.00
155	 940	A	 24	X	 4	 134.4	      215.844	             	       894.00
155	 940	A	 24	X	 5	  14.4	      216.144	             	      1097.00
155	 940	A	 24	X	 5	  44.6	      216.446	             	      1108.00
155	 940	A	 24	X	 5	  74.4	      216.744	             	      1133.00
155	 940	A	 24	X	 5	 104.6	      217.046	             	      1128.00
155	 940	A	 24	X	 5	 134.4	      217.344	             	      1007.00
155	 940	A	 24	X	 6	  14.4	      217.544	             	      1162.00
155	 940	A	 25	X	 1	  14.5	      219.845	             	       917.00
155	 940	A	 25	X	 1	  44.5	      220.145	             	       952.00
155	 940	A	 25	X	 1	  74.4	      220.444	             	      1055.00
155	 940	A	 25	X	 1	 104.5	      220.745	             	       955.00
155	 940	A	 25	X	 1	 134.4	      221.044	             	      1030.00
155	 940	A	 25	X	 2	  14.5	      221.345	             	       868.00
155	 940	A	 25	X	 2	  44.6	      221.646	             	       909.00
155	 940	A	 25	X	 2	  74.4	      221.944	             	      1021.00
155	 940	A	 25	X	 2	 104.6	      222.246	             	      1062.00
155	 940	A	 25	X	 3	  14.5	      222.675	             	       943.00
155	 940	A	 25	X	 3	  44.4	      222.974	             	      1096.00
155	 940	A	 25	X	 3	  74.4	      223.274	             	      1067.00
155	 940	A	 25	X	 3	 104.5	      223.575	             	       916.00
155	 940	A	 25	X	 3	 134.4	      223.874	             	      1019.00
155	 940	A	 25	X	 4	  14.5	      224.175	             	      1010.00
155	 940	A	 26	X	 1	  14.5	      229.445	             	       985.00
155	 940	A	 26	X	 1	  44.5	      229.745	             	       965.00
155	 940	A	 26	X	 1	  74.4	      230.044	             	      1039.00
155	 940	A	 26	X	 1	 104.5	      230.345	             	      1074.00
155	 940	A	 26	X	 1	 134.4	      230.644	             	      1130.00
155	 940	A	 26	X	 2	  14.4	      230.944	             	      1006.00
155	 940	A	 26	X	 2	  44.4	      231.244	             	       947.00
155	 940	A	 26	X	 2	  74.4	      231.544	             	       982.00
155	 940	A	 26	X	 2	 104.6	      231.846	             	      1035.00
155	 940	A	 26	X	 2	 134.4	      232.144	             	      1050.00
155	 940	A	 26	X	 3	  14.5	      232.445	             	      1070.00
155	 940	A	 26	X	 3	  44.5	      232.745	             	      1025.00
155	 940	A	 26	X	 3	  74.4	      233.044	             	      1173.00
155	 940	A	 26	X	 3	 104.5	      233.345	             	      1002.00
155	 940	A	 26	X	 3	 134.4	      233.644	             	      1027.00
155	 940	A	 26	X	 4	  14.5	      233.945	             	       978.00
155	 940	A	 26	X	 4	  44.4	      234.244	             	      1122.00
155	 940	A	 26	X	 4	  74.5	      234.545	             	       945.00
155	 940	A	 26	X	 4	 104.6	      234.846	             	      1051.00
155	 940	A	 26	X	 4	 134.5	      235.145	             	      1103.00
155	 940	A	 27	X	 1	  14.5	      239.145	             	      1127.00
155	 940	A	 27	X	 1	  44.4	      239.444	             	      1040.00
155	 940	A	 27	X	 1	  74.4	      239.744	             	      1138.00
155	 940	A	 27	X	 1	 104.6	      240.046	             	      1119.00
155	 940	A	 27	X	 1	 134.4	      240.344	             	      1125.00
155	 940	A	 27	X	 2	  14.4	      240.644	             	      1192.00
155	 940	A	 27	X	 2	  44.4	      240.944	             	      1174.00
155	 940	A	 27	X	 2	  74.4	      241.244	             	      1215.00
155	 940	A	 27	X	 2	 104.5	      241.545	             	      1202.00
155	 940	A	 27	X	 2	 134.4	      241.844	             	      1259.00
155	 940	A	 27	X	 3	  14.4	      242.144	             	      1131.00
155	 940	A	 27	X	 3	  44.4	      242.444	             	      1192.00
155	 940	A	 27	X	 3	  74.4	      242.744	             	      1216.00
155	 940	A	 27	X	 3	 104.6	      243.046	             	      1176.00
155	 940	A	 27	X	 3	 134.4	      243.344	             	      1265.00
155	 940	A	 27	X	 4	  14.5	      243.645	             	      1216.00
155	 940	A	 27	X	 4	  44.5	      243.945	             	      1281.00
155	 940	A	 27	X	 4	  74.4	      244.244	             	      1198.00
155	 940	A	 27	X	 4	 104.4	      244.544	             	      1220.00
155	 940	A	 27	X	 4	 134.4	      244.844	             	      1224.00
155	 940	A	 27	X	 5	  14.5	      245.145	             	      1155.00
155	 940	A	 27	X	 5	  44.4	      245.444	             	      1184.00
155	 940	A	 27	X	 5	  74.4	      245.744	             	      1167.00
155	 940	A	 27	X	 5	 104.6	      246.046	             	      1160.00
155	 940	A	 27	X	 5	 134.4	      246.344	             	      1099.00
155	 940	A	 27	X	 6	  14.4	      246.564	             	      1172.00
155	 940	A	 27	X	 6	  44.5	      246.865	             	      1113.00
155	 940	A	 27	X	 6	  74.4	      247.164	             	      1173.00
155	 940	A	 27	X	 6	 104.5	      247.465	             	       884.00